2022 08 31  0815   59822   29700  0  2.47e+03  7.30e+03  0  2.72e+03  6.81e+01  1.36e+01  2.97e+00  1.15e+00  -1.00
2022 08 31  0815   59822   29700  0  2.47e+03  7.30e+03  0  2.72e+03  6.81e+01  1.36e+01  2.97e+00  1.15e+00  -1.00
2022 08 31  0820   59822   30000  0  1.99e+03  6.21e+02  0  3.88e+03  8.32e+01  1.04e+01  2.60e+00  2.39e+00  -1.00
2022 08 31  0820   59822   30000  0  1.99e+03  6.21e+02  0  3.88e+03  8.32e+01  1.04e+01  2.60e+00  2.39e+00  -1.00
2022 08 31  0820   59822   30000  0  1.99e+03  6.21e+02  0  3.88e+03  8.32e+01  1.04e+01  2.60e+00  2.39e+00  -1.00
2022 08 31  0825   59822   30300  0  1.85e+03  3.69e+01  0  2.67e+03  8.89e+01  1.12e+01  2.66e+00  1.08e+00  -1.00
2022 08 31  0830   59822   30600  0  7.08e+03  4.05e+01  0  2.92e+03  3.97e+02  1.05e+01  3.81e+00  3.33e+00  -1.00
2022 08 31  0830   59822   30600  0  7.08e+03  4.05e+01  0  2.92e+03  3.97e+02  1.05e+01  3.81e+00  3.33e+00  -1.00
2022 08 31  0835   59822   30900  0  2.41e+03  9.73e-01  0  3.34e+02  3.14e+02  3.98e-33  1.26e-33  7.73e-37  -1.00
2022 08 31  0835   59822   30900  0  2.41e+03  9.73e-01  0  3.34e+02  3.14e+02  3.98e-33  1.26e-33  7.73e-37  -1.00
2022 08 31  0840   59822   31200  0  2.46e-15  5.21e-04  0  8.22e+01  8.93e-04  6.44e-33  1.70e-33  4.01e-34  -1.00
2022 08 31  0840   59822   31200  0  2.46e-15  5.21e-04  0  8.22e+01  8.93e-04  6.44e-33  1.70e-33  4.01e-34  -1.00
2022 08 31  0845   59822   31500  0  4.55e-15  7.65e-01  0  1.87e+01  2.42e-32  2.62e-33  1.13e-33  3.64e-34  -1.00
2022 08 31  0845   59822   31500  0  4.55e-15  7.65e-01  0  1.87e+01  2.42e-32  2.62e-33  1.13e-33  3.64e-34  -1.00
2022 08 31  0850   59822   31800  0  6.80e-18  3.52e-02  0  3.13e+02 -1.00e+05  5.66e-33  9.47e-34  4.62e-34  -1.00
2022 08 31  0850   59822   31800  0  6.80e-18  3.52e-02  0  3.13e+02 -1.00e+05  5.66e-33  9.47e-34  4.62e-34  -1.00
2022 08 31  0855   59822   32100  0  6.36e-15  1.20e-03  0  2.82e+01  1.11e-32  4.41e-33  1.12e-33  4.64e-34  -1.00
2022 08 31  0855   59822   32100  0  6.36e-15  1.20e-03  0  2.82e+01  1.11e-32  4.41e-33  1.12e-33  4.64e-34  -1.00
2022 08 31  0900   59822   32400  0  2.90e-15  6.95e-33  0  7.23e-17  7.51e-01  4.68e-33  2.80e-33  3.39e-34  -1.00
2022 08 31  0900   59822   32400  0  2.90e-15  6.95e-33  0  7.23e-17  7.51e-01  4.68e-33  2.80e-33  3.39e-34  -1.00
2022 08 31  0905   59822   32700  0  2.89e-15  5.56e-04  0  2.79e+02  5.61e-01  5.81e-33  1.27e-33  3.72e-34  -1.00
2022 08 31  0905   59822   32700  0  2.89e-15  5.56e-04  0  2.79e+02  5.61e-01  5.81e-33  1.27e-33  3.72e-34  -1.00
2022 08 31  0910   59822   33000  0  3.48e-15  9.16e-33  0  2.38e+02  5.23e-01  2.78e-33  1.38e-33  1.42e-34  -1.00
2022 08 31  0910   59822   33000  0  3.48e-15  9.16e-33  0  2.38e+02  5.23e-01  2.78e-33  1.38e-33  1.42e-34  -1.00
2022 08 31  0915   59822   33300  0  2.78e-15  3.99e-04  0  1.32e+02  1.39e+00  4.05e-33  1.21e-33  5.48e-34  -1.00
2022 08 31  0915   59822   33300  0  2.78e-15  3.99e-04  0  1.32e+02  1.39e+00  4.05e-33  1.21e-33  5.48e-34  -1.00
2022 08 31  0915   59822   33300  0  2.78e-15  3.99e-04  0  1.32e+02  1.39e+00  4.05e-33  1.21e-33  5.48e-34  -1.00
2022 08 31  0920   59822   33600  0  2.37e-15  7.01e-33  0  1.62e-16  1.17e+00  4.01e-33  1.26e-33  2.28e-34  -1.00
2022 08 31  0925   59822   33900  0  1.59e-15  5.32e-01  0  9.87e+01  1.12e-03  5.67e-33  1.31e-33  3.00e-34  -1.00
2022 08 31  0925   59822   33900  0  1.59e-15  5.32e-01  0  9.87e+01  1.12e-03  5.67e-33  1.31e-33  3.00e-34  -1.00
2022 08 31  0930   59822   34200  0  1.83e-16  8.88e-33  0  1.60e+02  2.85e-32  3.54e-33  1.45e-33  8.68e-01  -1.00
2022 08 31  0930   59822   34200  0  1.83e-16  8.88e-33  0  1.60e+02  2.85e-32  3.54e-33  1.45e-33  8.68e-01  -1.00
2022 08 31  0935   59822   34500  0  2.54e+02  1.01e-03  0  3.60e-16  8.58e-01  4.92e-33  1.47e-33  2.85e-34  -1.00
2022 08 31  0935   59822   34500  0  2.54e+02  1.01e-03  0  3.60e-16  8.58e-01  4.92e-33  1.47e-33  2.85e-34  -1.00
2022 08 31  0940   59822   34800  0  2.24e-15  1.38e+00  0  3.95e+02  1.89e+00  5.14e-33  1.40e-33  1.43e-34  -1.00
2022 08 31  0940   59822   34800  0  2.24e-15  1.38e+00  0  3.95e+02  1.89e+00  5.14e-33  1.40e-33  1.43e-34  -1.00
2022 08 31  0945   59822   35100  0  1.70e-15  9.44e-01  0  7.27e+02  1.26e+00  9.86e-02  1.24e-33  2.87e-34  -1.00
2022 08 31  0945   59822   35100  0  1.70e-15  9.44e-01  0  7.27e+02  1.26e+00  9.86e-02  1.24e-33  2.87e-34  -1.00
2022 08 31  0950   59822   35400  0  3.42e-15  5.66e-01  0  2.76e+02  3.11e+00  4.03e-33  1.36e-33  5.08e-34  -1.00
2022 08 31  0950   59822   35400  0  3.42e-15  5.66e-01  0  2.76e+02  3.11e+00  4.03e-33  1.36e-33  5.08e-34  -1.00
2022 08 31  0955   59822   35700 -1 -1.00e+05 -1.00e+05 -1 -1.00e+05 -1.00e+05 -1.00e+05 -1.00e+05 -1.00e+05  -1.00
2022 08 31  0955   59822   35700 -1 -1.00e+05 -1.00e+05 -1 -1.00e+05 -1.00e+05 -1.00e+05 -1.00e+05 -1.00e+05  -1.00
2022 08 31  1000   59822   36000  0  2.03e+03  3.46e+01  0  2.79e+03  7.92e+01  9.41e+00  3.16e+00  8.18e-01  -1.00
2022 08 31  1000   59822   36000  0  2.03e+03  3.46e+01  0  2.79e+03  7.92e+01  9.41e+00  3.16e+00  8.18e-01  -1.00
2022 08 31  1005   59822   36300  0  1.86e+03  3.97e+01  0  2.80e+03  8.10e+01  9.91e+00  3.07e+00  9.65e-01  -1.00
2022 08 31  1005   59822   36300  0  1.86e+03  3.97e+01  0  2.80e+03  8.10e+01  9.91e+00  3.07e+00  9.65e-01  -1.00
2022 08 31  1010   59822   36600  0  1.89e+03  3.50e+01  0  2.49e+03  7.67e+01  8.49e+00  2.44e+00  8.44e-01  -1.00
2022 08 31  1010   59822   36600  0  1.89e+03  3.50e+01  0  2.49e+03  7.67e+01  8.49e+00  2.44e+00  8.44e-01  -1.00
2022 08 31  1015   59822   36900  0  2.11e+03  3.56e+01  0  2.75e+03  8.48e+01  8.53e+00  2.36e+00  7.50e-01  -1.00
2022 08 31  1015   59822   36900  0  2.11e+03  3.56e+01  0  2.75e+03  8.48e+01  8.53e+00  2.36e+00  7.50e-01  -1.00
2022 08 31  1020   59822   37200  0  1.85e+03  4.06e+01  0  2.71e+03  7.60e+01  8.04e+00  2.67e+00  8.70e-01  -1.00
2022 08 31  1020   59822   37200  0  1.85e+03  4.06e+01  0  2.71e+03  7.60e+01  8.04e+00  2.67e+00  8.70e-01  -1.00
2022 08 31  1025   59822   37500  0  1.94e+03  3.90e+01  0  2.73e+03  7.73e+01  9.92e+00  2.59e+00  8.84e-01  -1.00
2022 08 31  1025   59822   37500  0  1.94e+03  3.90e+01  0  2.73e+03  7.73e+01  9.92e+00  2.59e+00  8.84e-01  -1.00
2022 08 31  1030   59822   37800  0  2.04e+03  3.41e+01  0  2.68e+03  7.88e+01  8.62e+00  2.52e+00  9.50e-01  -1.00
2022 08 31  1030   59822   37800  0  2.04e+03  3.41e+01  0  2.68e+03  7.88e+01  8.62e+00  2.52e+00  9.50e-01  -1.00
2022 08 31  1035   59822   38100  0  1.99e+03  4.33e+01  0  2.75e+03  7.66e+01  9.37e+00  2.53e+00  7.57e-01  -1.00
2022 08 31  1035   59822   38100  0  1.99e+03  4.33e+01  0  2.75e+03  7.66e+01  9.37e+00  2.53e+00  7.57e-01  -1.00
2022 08 31  1040   59822   38400  0  1.81e+03  3.85e+01  0  2.69e+03  7.99e+01  1.04e+01  2.08e+00  9.84e-01  -1.00
2022 08 31  1040   59822   38400  0  1.81e+03  3.85e+01  0  2.69e+03  7.99e+01  1.04e+01  2.08e+00  9.84e-01  -1.00
2022 08 31  1045   59822   38700  0  1.85e+03  3.95e+01  0  2.55e+03  8.19e+01  1.03e+01  2.41e+00  9.66e-01  -1.00
2022 08 31  1045   59822   38700  0  1.85e+03  3.95e+01  0  2.55e+03  8.19e+01  1.03e+01  2.41e+00  9.66e-01  -1.00
2022 08 31  1050   59822   39000  0  2.03e+03  3.60e+01  0  2.77e+03  8.68e+01  1.03e+01  2.28e+00  1.01e+00  -1.00
2022 08 31  1050   59822   39000  0  2.03e+03  3.60e+01  0  2.77e+03  8.68e+01  1.03e+01  2.28e+00  1.01e+00  -1.00
2022 08 31  1055   59822   39300  0  1.81e+03  3.22e+01  0  2.77e+03  8.48e+01  1.00e+01  2.09e+00  9.07e-01  -1.00
2022 08 31  1055   59822   39300  0  1.81e+03  3.22e+01  0  2.77e+03  8.48e+01  1.00e+01  2.09e+00  9.07e-01  -1.00
2022 08 31  1100   59822   39600  0  1.84e+03  3.97e+01  0  2.65e+03  7.83e+01  9.15e+00  2.43e+00  8.10e-01  -1.00
2022 08 31  1100   59822   39600  0  1.84e+03  3.97e+01  0  2.65e+03  7.83e+01  9.15e+00  2.43e+00  8.10e-01  -1.00
2022 08 31  1105   59822   39900  0  2.05e+03  4.10e+01  0  2.74e+03  7.41e+01  9.73e+00  2.55e+00  7.61e-01  -1.00
2022 08 31  1105   59822   39900  0  2.05e+03  4.10e+01  0  2.74e+03  7.41e+01  9.73e+00  2.55e+00  7.61e-01  -1.00
2022 08 31  1110   59822   40200  0  1.84e+03  3.19e+01  0  2.66e+03  7.99e+01  9.90e+00  2.52e+00  8.95e-01  -1.00
2022 08 31  1110   59822   40200  0  1.84e+03  3.19e+01  0  2.66e+03  7.99e+01  9.90e+00  2.52e+00  8.95e-01  -1.00
2022 08 31  1115   59822   40500  0  1.86e+03  3.48e+01  0  2.71e+03  7.49e+01  9.37e+00  2.67e+00  8.38e-01  -1.00
2022 08 31  1115   59822   40500  0  1.86e+03  3.48e+01  0  2.71e+03  7.49e+01  9.37e+00  2.67e+00  8.38e-01  -1.00
2022 08 31  1115   59822   40500  0  1.86e+03  3.48e+01  0  2.71e+03  7.49e+01  9.37e+00  2.67e+00  8.38e-01  -1.00
2022 08 31  1120   59822   40800  0  1.86e+03  3.82e+01  0  2.61e+03  8.43e+01  9.24e+00  2.57e+00  8.99e-01  -1.00
2022 08 31  1125   59822   41100  0  2.04e+03  4.26e+01  0  2.79e+03  8.52e+01  9.65e+00  2.48e+00  9.40e-01  -1.00
2022 08 31  1125   59822   41100  0  2.04e+03  4.26e+01  0  2.79e+03  8.52e+01  9.65e+00  2.48e+00  9.40e-01  -1.00
2022 08 31  1130   59822   41400  0  1.86e+03  3.95e+01  0  2.72e+03  8.54e+01  9.71e+00  2.84e+00  9.41e-01  -1.00
2022 08 31  1130   59822   41400  0  1.86e+03  3.95e+01  0  2.72e+03  8.54e+01  9.71e+00  2.84e+00  9.41e-01  -1.00
2022 08 31  1135   59822   41700  0  1.73e+03  3.14e+01  0  2.57e+03  7.75e+01  9.64e+00  2.35e+00  1.06e+00  -1.00
2022 08 31  1135   59822   41700  0  1.73e+03  3.14e+01  0  2.57e+03  7.75e+01  9.64e+00  2.35e+00  1.06e+00  -1.00
2022 08 31  1140   59822   42000  0  1.94e+03  3.28e+01  0  2.68e+03  7.50e+01  8.97e+00  2.42e+00  8.12e-01  -1.00
2022 08 31  1140   59822   42000  0  1.94e+03  3.28e+01  0  2.68e+03  7.50e+01  8.97e+00  2.42e+00  8.12e-01  -1.00
2022 08 31  1145   59822   42300  0  1.82e+03  3.83e+01  0  2.71e+03  7.56e+01  8.61e+00  2.74e+00  7.63e-01  -1.00
2022 08 31  1145   59822   42300  0  1.82e+03  3.83e+01  0  2.71e+03  7.56e+01  8.61e+00  2.74e+00  7.63e-01  -1.00
2022 08 31  1150   59822   42600  0  2.00e+03  3.47e+01  0  2.65e+03  6.79e+01  8.46e+00  2.46e+00  9.34e-01  -1.00
2022 08 31  1150   59822   42600  0  2.00e+03  3.47e+01  0  2.65e+03  6.79e+01  8.46e+00  2.46e+00  9.34e-01  -1.00
2022 08 31  1155   59822   42900  0  1.95e+03  3.43e+01  0  2.67e+03  6.73e+01  7.75e+00  2.72e+00  9.10e-01  -1.00
2022 08 31  1155   59822   42900  0  1.95e+03  3.43e+01  0  2.67e+03  6.73e+01  7.75e+00  2.72e+00  9.10e-01  -1.00
2022 08 31  1200   59822   43200  0  1.94e+03  3.92e+01  0  2.74e+03  8.09e+01  7.81e+00  2.74e+00  7.22e-01  -1.00
2022 08 31  1200   59822   43200  0  1.94e+03  3.92e+01  0  2.74e+03  8.09e+01  7.81e+00  2.74e+00  7.22e-01  -1.00
2022 08 31  1205   59822   43500  0  1.81e+03  3.58e+01  0  2.72e+03  8.31e+01  9.06e+00  2.55e+00  9.22e-01  -1.00
2022 08 31  1205   59822   43500  0  1.81e+03  3.58e+01  0  2.72e+03  8.31e+01  9.06e+00  2.55e+00  9.22e-01  -1.00
2022 08 31  1210   59822   43800  0  1.82e+03  3.53e+01  0  2.55e+03  7.39e+01  8.56e+00  2.80e+00  8.84e-01  -1.00
2022 08 31  1210   59822   43800  0  1.82e+03  3.53e+01  0  2.55e+03  7.39e+01  8.56e+00  2.80e+00  8.84e-01  -1.00
2022 08 31  1210   59822   43800  0  1.82e+03  3.53e+01  0  2.55e+03  7.39e+01  8.56e+00  2.80e+00  8.84e-01  -1.00
2022 08 31  1215   59822   44100  0  1.97e+03  4.30e+01  0  2.71e+03  7.82e+01  9.07e+00  2.61e+00  8.41e-01  -1.00
2022 08 31  1215   59822   44100  0  1.97e+03  4.30e+01  0  2.71e+03  7.82e+01  9.07e+00  2.61e+00  8.41e-01  -1.00
2022 08 31  1220   59822   44400  0  1.95e+03  3.31e+01  0  2.72e+03  8.01e+01  8.32e+00  2.41e+00  8.30e-01  -1.00
2022 08 31  1225   59822   44700  0  1.77e+03  3.36e+01  0  2.59e+03  6.53e+01  8.75e+00  2.91e+00  7.06e-01  -1.00
2022 08 31  1225   59822   44700  0  1.77e+03  3.36e+01  0  2.59e+03  6.53e+01  8.75e+00  2.91e+00  7.06e-01  -1.00
2022 08 31  1230   59822   45000  0  2.03e+03  3.54e+01  0  2.68e+03  7.12e+01  8.47e+00  2.52e+00  8.63e-01  -1.00
2022 08 31  1230   59822   45000  0  2.03e+03  3.54e+01  0  2.68e+03  7.12e+01  8.47e+00  2.52e+00  8.63e-01  -1.00
2022 08 31  1235   59822   45300  0  1.97e+03  3.81e+01  0  2.91e+03  1.16e+02  1.29e+01  2.65e+00  1.25e+00  -1.00
2022 08 31  1235   59822   45300  0  1.97e+03  3.81e+01  0  2.91e+03  1.16e+02  1.29e+01  2.65e+00  1.25e+00  -1.00
2022 08 31  1240   59822   45600  0  1.93e+03  3.68e+01  0  3.20e+03  1.56e+02  1.66e+01  2.48e+00  1.24e+00  -1.00
2022 08 31  1240   59822   45600  0  1.93e+03  3.68e+01  0  3.20e+03  1.56e+02  1.66e+01  2.48e+00  1.24e+00  -1.00
2022 08 31  1245   59822   45900  0  1.80e+03  3.70e+01  0  2.91e+03  1.33e+02  1.55e+01  3.13e+00  1.00e+00  -1.00
2022 08 31  1245   59822   45900  0  1.80e+03  3.70e+01  0  2.91e+03  1.33e+02  1.55e+01  3.13e+00  1.00e+00  -1.00
2022 08 31  1250   59822   46200  0  2.22e+03  3.91e+01  0  3.13e+03  1.31e+02  1.43e+01  2.49e+00  1.20e+00  -1.00
2022 08 31  1250   59822   46200  0  2.22e+03  3.91e+01  0  3.13e+03  1.31e+02  1.43e+01  2.49e+00  1.20e+00  -1.00
2022 08 31  1255   59822   46500  0  1.83e+03  3.40e+01  0  4.23e+03  1.45e+02  1.56e+01  3.39e+00  1.22e+00  -1.00
2022 08 31  1255   59822   46500  0  1.83e+03  3.40e+01  0  4.23e+03  1.45e+02  1.56e+01  3.39e+00  1.22e+00  -1.00
2022 08 31  1300   59822   46800  0  1.99e+03  3.70e+01  0  1.45e+04  2.62e+02  1.34e+01  2.63e+00  1.11e+00  -1.00
2022 08 31  1300   59822   46800  0  1.99e+03  3.70e+01  0  1.45e+04  2.62e+02  1.34e+01  2.63e+00  1.11e+00  -1.00
2022 08 31  1305   59822   47100  0  2.13e+03  4.04e+01  0  6.01e+03  1.19e+02  1.06e+01  2.23e+00  9.21e-01  -1.00
2022 08 31  1305   59822   47100  0  2.13e+03  4.04e+01  0  6.01e+03  1.19e+02  1.06e+01  2.23e+00  9.21e-01  -1.00
2022 08 31  1310   59822   47400  0  1.74e+03  3.98e+01  0  9.44e+03  1.60e+02  1.13e+01  2.77e+00  8.81e-01  -1.00
2022 08 31  1310   59822   47400  0  1.74e+03  3.98e+01  0  9.44e+03  1.60e+02  1.13e+01  2.77e+00  8.81e-01  -1.00
2022 08 31  1310   59822   47400  0  1.74e+03  3.98e+01  0  9.44e+03  1.60e+02  1.13e+01  2.77e+00  8.81e-01  -1.00
2022 08 31  1315   59822   47700  0  2.06e+03  3.90e+01  0  3.08e+03  8.67e+01  1.05e+01  2.96e+00  1.01e+00  -1.00
2022 08 31  1320   59822   48000  0  1.91e+03  3.85e+01  0  3.02e+03  9.13e+01  1.05e+01  2.55e+00  1.03e+00  -1.00
2022 08 31  1320   59822   48000  0  1.91e+03  3.85e+01  0  3.02e+03  9.13e+01  1.05e+01  2.55e+00  1.03e+00  -1.00
2022 08 31  1325   59822   48300  0  1.89e+03  3.73e+01  0  2.77e+03  7.79e+01  1.01e+01  2.82e+00  9.83e-01  -1.00
2022 08 31  1325   59822   48300  0  1.89e+03  3.73e+01  0  2.77e+03  7.79e+01  1.01e+01  2.82e+00  9.83e-01  -1.00
2022 08 31  1330   59822   48600  0  1.85e+03  4.19e+01  0  4.73e+03  8.30e+01  9.93e+00  2.72e+00  8.62e-01  -1.00
2022 08 31  1330   59822   48600  0  1.85e+03  4.19e+01  0  4.73e+03  8.30e+01  9.93e+00  2.72e+00  8.62e-01  -1.00
2022 08 31  1335   59822   48900  0  1.87e+03  3.77e+01  0  3.47e+03  1.28e+02  1.11e+01  3.28e+00  9.19e-01  -1.00
2022 08 31  1335   59822   48900  0  1.87e+03  3.77e+01  0  3.47e+03  1.28e+02  1.11e+01  3.28e+00  9.19e-01  -1.00
2022 08 31  1340   59822   49200  0  2.03e+03  3.41e+01  0  2.71e+04  6.01e+02  1.71e+01  2.85e+00  1.16e+00  -1.00
2022 08 31  1340   59822   49200  0  2.03e+03  3.41e+01  0  2.71e+04  6.01e+02  1.71e+01  2.85e+00  1.16e+00  -1.00
2022 08 31  1345   59822   49500  0  1.94e+03  3.74e+01  0  4.15e+04  8.98e+02  2.40e+01  2.44e+00  1.05e+00  -1.00
2022 08 31  1345   59822   49500  0  1.94e+03  3.74e+01  0  4.15e+04  8.98e+02  2.40e+01  2.44e+00  1.05e+00  -1.00
2022 08 31  1350   59822   49800  0  1.93e+03  3.72e+01  0  1.16e+05  2.73e+03  3.81e+01  2.65e+00  8.97e-01  -1.00
2022 08 31  1350   59822   49800  0  1.93e+03  3.72e+01  0  1.16e+05  2.73e+03  3.81e+01  2.65e+00  8.97e-01  -1.00
2022 08 31  1355   59822   50100  0  1.91e+03  3.50e+01  0  1.42e+05  3.47e+03  4.44e+01  2.86e+00  1.15e+00  -1.00
2022 08 31  1355   59822   50100  0  1.91e+03  3.50e+01  0  1.42e+05  3.47e+03  4.44e+01  2.86e+00  1.15e+00  -1.00
2022 08 31  1400   59822   50400  0  1.99e+03  3.82e+01  0  9.76e+04  3.85e+03  4.40e+01  2.78e+00  1.16e+00  -1.00
2022 08 31  1400   59822   50400  0  1.99e+03  3.82e+01  0  9.76e+04  3.85e+03  4.40e+01  2.78e+00  1.16e+00  -1.00
2022 08 31  1405   59822   50700  0  1.94e+03  3.73e+01  0  2.64e+04  9.11e+02  2.39e+01  2.86e+00  1.05e+00  -1.00
2022 08 31  1405   59822   50700  0  1.94e+03  3.73e+01  0  2.64e+04  9.11e+02  2.39e+01  2.86e+00  1.05e+00  -1.00
2022 08 31  1405   59822   50700  0  1.94e+03  3.73e+01  0  2.64e+04  9.11e+02  2.39e+01  2.86e+00  1.05e+00  -1.00
2022 08 31  1410   59822   51000  0  1.86e+03  3.93e+01  0  5.69e+03  1.98e+02  1.31e+01  2.55e+00  9.39e-01  -1.00
2022 08 31  1415   59822   51300  0  2.07e+03  3.60e+01  0  1.68e+04  4.16e+02  1.53e+01  2.42e+00  8.49e-01  -1.00
2022 08 31  1415   59822   51300  0  2.07e+03  3.60e+01  0  1.68e+04  4.16e+02  1.53e+01  2.42e+00  8.49e-01  -1.00
2022 08 31  1420   59822   51600  0  1.79e+03  3.81e+01  0  5.44e+03  1.42e+02  1.08e+01  2.94e+00  8.20e-01  -1.00
2022 08 31  1420   59822   51600  0  1.79e+03  3.81e+01  0  5.44e+03  1.42e+02  1.08e+01  2.94e+00  8.20e-01  -1.00
2022 08 31  1425   59822   51900  0  1.86e+03  3.89e+01  0  4.65e+03  1.22e+02  1.06e+01  3.18e+00  1.01e+00  -1.00
2022 08 31  1425   59822   51900  0  1.86e+03  3.89e+01  0  4.65e+03  1.22e+02  1.06e+01  3.18e+00  1.01e+00  -1.00
2022 08 31  1430   59822   52200  0  2.07e+03  3.94e+01  0  3.40e+03  9.72e+01  1.09e+01  2.98e+00  9.69e-01  -1.00
2022 08 31  1430   59822   52200  0  2.07e+03  3.94e+01  0  3.40e+03  9.72e+01  1.09e+01  2.98e+00  9.69e-01  -1.00
2022 08 31  1435   59822   52500  0  1.93e+03  3.77e+01  0  2.93e+03  9.14e+01  1.11e+01  3.14e+00  1.02e+00  -1.00
2022 08 31  1435   59822   52500  0  1.93e+03  3.77e+01  0  2.93e+03  9.14e+01  1.11e+01  3.14e+00  1.02e+00  -1.00
2022 08 31  1440   59822   52800  0  1.94e+03  3.96e+01  0  4.27e+03  1.21e+02  1.13e+01  3.00e+00  9.94e-01  -1.00
2022 08 31  1440   59822   52800  0  1.94e+03  3.96e+01  0  4.27e+03  1.21e+02  1.13e+01  3.00e+00  9.94e-01  -1.00
2022 08 31  1445   59822   53100  0  1.91e+03  4.07e+01  0  3.39e+03  1.42e+02  1.11e+01  2.30e+00  9.34e-01  -1.00
2022 08 31  1445   59822   53100  0  1.91e+03  4.07e+01  0  3.39e+03  1.42e+02  1.11e+01  2.30e+00  9.34e-01  -1.00
2022 08 31  1450   59822   53400  0  2.14e+03  4.13e+01  0  2.89e+03  7.91e+01  9.73e+00  2.94e+00  9.33e-01  -1.00
2022 08 31  1450   59822   53400  0  2.14e+03  4.13e+01  0  2.89e+03  7.91e+01  9.73e+00  2.94e+00  9.33e-01  -1.00
2022 08 31  1455   59822   53700  0  2.02e+03  3.69e+01  0  2.85e+03  7.77e+01  9.17e+00  2.47e+00  7.22e-01  -1.00
2022 08 31  1455   59822   53700  0  2.02e+03  3.69e+01  0  2.85e+03  7.77e+01  9.17e+00  2.47e+00  7.22e-01  -1.00
2022 08 31  1500   59822   54000  0  1.83e+03  4.28e+01  0  2.66e+03  7.61e+01  9.59e+00  3.02e+00  8.34e-01  -1.00
2022 08 31  1500   59822   54000  0  1.83e+03  4.28e+01  0  2.66e+03  7.61e+01  9.59e+00  3.02e+00  8.34e-01  -1.00
2022 08 31  1505   59822   54300  0  2.20e+03  3.97e+01  0  2.84e+03  7.54e+01  8.08e+00  3.13e+00  9.73e-01  -1.00
2022 08 31  1505   59822   54300  0  2.20e+03  3.97e+01  0  2.84e+03  7.54e+01  8.08e+00  3.13e+00  9.73e-01  -1.00
2022 08 31  1510   59822   54600  0  2.12e+03  4.17e+01  0  3.44e+03  1.20e+02  9.81e+00  3.15e+00  8.43e-01  -1.00
2022 08 31  1510   59822   54600  0  2.12e+03  4.17e+01  0  3.44e+03  1.20e+02  9.81e+00  3.15e+00  8.43e-01  -1.00
2022 08 31  1515   59822   54900  0  2.05e+03  4.21e+01  0  5.01e+03  1.55e+02  9.62e+00  2.76e+00  9.90e-01  -1.00
2022 08 31  1515   59822   54900  0  2.05e+03  4.21e+01  0  5.01e+03  1.55e+02  9.62e+00  2.76e+00  9.90e-01  -1.00
2022 08 31  1520   59822   55200  0  1.84e+03  4.17e+01  0  3.25e+03  9.40e+01  1.01e+01  3.30e+00  1.12e+00  -1.00
2022 08 31  1520   59822   55200  0  1.84e+03  4.17e+01  0  3.25e+03  9.40e+01  1.01e+01  3.30e+00  1.12e+00  -1.00
2022 08 31  1525   59822   55500  0  1.90e+03  4.22e+01  0  3.07e+03  9.10e+01  9.15e+00  2.78e+00  6.05e-01  -1.00
2022 08 31  1525   59822   55500  0  1.90e+03  4.22e+01  0  3.07e+03  9.10e+01  9.15e+00  2.78e+00  6.05e-01  -1.00
2022 08 31  1530   59822   55800  0  1.92e+03  3.84e+01  0  3.06e+03  9.00e+01  8.50e+00  3.67e+00  8.74e-01  -1.00
2022 08 31  1530   59822   55800  0  1.92e+03  3.84e+01  0  3.06e+03  9.00e+01  8.50e+00  3.67e+00  8.74e-01  -1.00
2022 08 31  1535   59822   56100  0  1.91e+03  3.90e+01  0  2.48e+03  6.22e+01  7.86e+00  2.58e+00  7.34e-01  -1.00
2022 08 31  1535   59822   56100  0  1.91e+03  3.90e+01  0  2.48e+03  6.22e+01  7.86e+00  2.58e+00  7.34e-01  -1.00
2022 08 31  1540   59822   56400  0  2.02e+03  4.33e+01  0  2.65e+03  6.40e+01  8.47e+00  2.97e+00  7.36e-01  -1.00
2022 08 31  1540   59822   56400  0  2.02e+03  4.33e+01  0  2.65e+03  6.40e+01  8.47e+00  2.97e+00  7.36e-01  -1.00
2022 08 31  1545   59822   56700  0  1.85e+03  4.00e+01  0  2.80e+03  7.09e+01  8.05e+00  2.66e+00  8.98e-01  -1.00
2022 08 31  1545   59822   56700  0  1.85e+03  4.00e+01  0  2.80e+03  7.09e+01  8.05e+00  2.66e+00  8.98e-01  -1.00
2022 08 31  1550   59822   57000  0  2.03e+03  3.90e+01  0  5.14e+03  1.17e+02  1.01e+01  3.19e+00  8.69e-01  -1.00
2022 08 31  1550   59822   57000  0  2.03e+03  3.90e+01  0  5.14e+03  1.17e+02  1.01e+01  3.19e+00  8.69e-01  -1.00
2022 08 31  1555   59822   57300 -1 -1.00e+05 -1.00e+05 -1 -1.00e+05 -1.00e+05 -1.00e+05 -1.00e+05 -1.00e+05  -1.00
2022 08 31  1555   59822   57300 -1 -1.00e+05 -1.00e+05 -1 -1.00e+05 -1.00e+05 -1.00e+05 -1.00e+05 -1.00e+05  -1.00
2022 08 31  1600   59822   57600  0  1.98e+03  4.06e+01  0  4.31e+03  9.50e+01  8.99e+00  3.26e+00  8.11e-01  -1.00
2022 08 31  1600   59822   57600  0  1.98e+03  4.06e+01  0  4.31e+03  9.50e+01  8.99e+00  3.26e+00  8.11e-01  -1.00
2022 08 31  1605   59822   57900  0  1.85e+03  4.35e+01  0  5.47e+03  1.28e+02  1.00e+01  2.95e+00  9.16e-01  -1.00
2022 08 31  1605   59822   57900  0  1.85e+03  4.35e+01  0  5.47e+03  1.28e+02  1.00e+01  2.95e+00  9.16e-01  -1.00
2022 08 31  1610   59822   58200  0  1.91e+03  3.81e+01  0  6.82e+03  1.63e+02  9.29e+00  2.91e+00  8.49e-01  -1.00
2022 08 31  1610   59822   58200  0  1.91e+03  3.81e+01  0  6.82e+03  1.63e+02  9.29e+00  2.91e+00  8.49e-01  -1.00
2022 08 31  1615   59822   58500  0  2.07e+03  4.33e+01  0  5.40e+03  1.38e+02  1.01e+01  3.71e+00  8.46e-01  -1.00
2022 08 31  1615   59822   58500  0  2.07e+03  4.33e+01  0  5.40e+03  1.38e+02  1.01e+01  3.71e+00  8.46e-01  -1.00
2022 08 31  1620   59822   58800  0  1.83e+03  4.14e+01  0  4.71e+03  1.16e+02  9.55e+00  2.95e+00  9.48e-01  -1.00
2022 08 31  1620   59822   58800  0  1.83e+03  4.14e+01  0  4.71e+03  1.16e+02  9.55e+00  2.95e+00  9.48e-01  -1.00
2022 08 31  1625   59822   59100  0  1.78e+03  4.06e+01  0  3.93e+03  9.26e+01  8.68e+00  3.01e+00  7.70e-01  -1.00
2022 08 31  1625   59822   59100  0  1.78e+03  4.06e+01  0  3.93e+03  9.26e+01  8.68e+00  3.01e+00  7.70e-01  -1.00
2022 08 31  1630   59822   59400  0  2.11e+03  3.89e+01  0  2.96e+03  8.43e+01  8.87e+00  3.32e+00  8.64e-01  -1.00
2022 08 31  1630   59822   59400  0  2.11e+03  3.89e+01  0  2.96e+03  8.43e+01  8.87e+00  3.32e+00  8.64e-01  -1.00
2022 08 31  1635   59822   59700  0  1.95e+03  4.19e+01  0  3.66e+03  1.05e+02  8.68e+00  2.63e+00  8.26e-01  -1.00
2022 08 31  1635   59822   59700  0  1.95e+03  4.19e+01  0  3.66e+03  1.05e+02  8.68e+00  2.63e+00  8.26e-01  -1.00
2022 08 31  1640   59822   60000  0  1.79e+03  4.03e+01  0  4.07e+03  1.05e+02  9.01e+00  2.71e+00  6.41e-01  -1.00
2022 08 31  1640   59822   60000  0  1.79e+03  4.03e+01  0  4.07e+03  1.05e+02  9.01e+00  2.71e+00  6.41e-01  -1.00
2022 08 31  1645   59822   60300  0  1.86e+03  3.60e+01  0  4.50e+03  1.23e+02  9.25e+00  2.66e+00  7.94e-01  -1.00
2022 08 31  1645   59822   60300  0  1.86e+03  3.60e+01  0  4.50e+03  1.23e+02  9.25e+00  2.66e+00  7.94e-01  -1.00
2022 08 31  1650   59822   60600  0  1.94e+03  4.17e+01  0  4.26e+03  1.12e+02  9.56e+00  2.63e+00  9.15e-01  -1.00
2022 08 31  1650   59822   60600  0  1.94e+03  4.17e+01  0  4.26e+03  1.12e+02  9.56e+00  2.63e+00  9.15e-01  -1.00
2022 08 31  1655   59822   60900  0  1.90e+03  3.87e+01  0  3.98e+03  9.67e+01  9.73e+00  2.36e+00  7.05e-01  -1.00
2022 08 31  1655   59822   60900  0  1.90e+03  3.87e+01  0  3.98e+03  9.67e+01  9.73e+00  2.36e+00  7.05e-01  -1.00
2022 08 31  1700   59822   61200  0  1.76e+03  4.22e+01  0  3.44e+03  9.17e+01  8.43e+00  2.63e+00  8.84e-01  -1.00
2022 08 31  1700   59822   61200  0  1.76e+03  4.22e+01  0  3.44e+03  9.17e+01  8.43e+00  2.63e+00  8.84e-01  -1.00
2022 08 31  1705   59822   61500  0  2.01e+03  3.88e+01  0  2.95e+03  7.54e+01  8.34e+00  2.30e+00  7.09e-01  -1.00
2022 08 31  1705   59822   61500  0  2.01e+03  3.88e+01  0  2.95e+03  7.54e+01  8.34e+00  2.30e+00  7.09e-01  -1.00
2022 08 31  1710   59822   61800  0  1.66e+03  3.73e+01  0  3.27e+03  7.37e+01  8.60e+00  2.73e+00  7.01e-01  -1.00
2022 08 31  1710   59822   61800  0  1.66e+03  3.73e+01  0  3.27e+03  7.37e+01  8.60e+00  2.73e+00  7.01e-01  -1.00
2022 08 31  1715   59822   62100  0  1.74e+03  3.91e+01  0  3.34e+03  8.62e+01  8.46e+00  2.92e+00  7.90e-01  -1.00
2022 08 31  1715   59822   62100  0  1.74e+03  3.91e+01  0  3.34e+03  8.62e+01  8.46e+00  2.92e+00  7.90e-01  -1.00
2022 08 31  1720   59822   62400  0  2.03e+03  4.36e+01  0  3.98e+03  9.72e+01  8.99e+00  2.74e+00  1.11e+00  -1.00
2022 08 31  1720   59822   62400  0  2.03e+03  4.36e+01  0  3.98e+03  9.72e+01  8.99e+00  2.74e+00  1.11e+00  -1.00
2022 08 31  1725   59822   62700  0  1.83e+03  3.56e+01  0  3.57e+03  9.64e+01  9.11e+00  2.80e+00  9.03e-01  -1.00
2022 08 31  1725   59822   62700  0  1.83e+03  3.56e+01  0  3.57e+03  9.64e+01  9.11e+00  2.80e+00  9.03e-01  -1.00
2022 08 31  1725   59822   62700  0  1.83e+03  3.56e+01  0  3.57e+03  9.64e+01  9.11e+00  2.80e+00  9.03e-01  -1.00
2022 08 31  1730   59822   63000  0  1.89e+03  4.10e+01  0  3.31e+03  8.70e+01  8.89e+00  2.86e+00  8.94e-01  -1.00
2022 08 31  1735   59822   63300  0  1.94e+03  3.87e+01  0  3.33e+03  7.88e+01  7.87e+00  2.51e+00  9.75e-01  -1.00
2022 08 31  1735   59822   63300  0  1.94e+03  3.87e+01  0  3.33e+03  7.88e+01  7.87e+00  2.51e+00  9.75e-01  -1.00
2022 08 31  1740   59822   63600  0  1.88e+03  4.19e+01  0  3.42e+03  7.48e+01  8.94e+00  2.53e+00  8.14e-01  -1.00
2022 08 31  1740   59822   63600  0  1.88e+03  4.19e+01  0  3.42e+03  7.48e+01  8.94e+00  2.53e+00  8.14e-01  -1.00
2022 08 31  1745   59822   63900  0  1.68e+03  3.67e+01  0  3.29e+03  7.87e+01  7.77e+00  2.78e+00  8.79e-01  -1.00
2022 08 31  1745   59822   63900  0  1.68e+03  3.67e+01  0  3.29e+03  7.87e+01  7.77e+00  2.78e+00  8.79e-01  -1.00
2022 08 31  1750   59822   64200  0  1.75e+03  3.96e+01  0  3.35e+03  9.12e+01  9.24e+00  2.28e+00  8.25e-01  -1.00
2022 08 31  1750   59822   64200  0  1.75e+03  3.96e+01  0  3.35e+03  9.12e+01  9.24e+00  2.28e+00  8.25e-01  -1.00
2022 08 31  1750   59822   64200  0  1.75e+03  3.96e+01  0  3.35e+03  9.12e+01  9.24e+00  2.28e+00  8.25e-01  -1.00
2022 08 31  1755   59822   64500  0  2.04e+03  3.60e+01  0  3.80e+03  9.55e+01  9.32e+00  2.31e+00  7.22e-01  -1.00
2022 08 31  1800   59822   64800  0  1.86e+03  3.97e+01  0  3.36e+03  8.40e+01  7.00e+00  2.55e+00  7.66e-01  -1.00
2022 08 31  1800   59822   64800  0  1.86e+03  3.97e+01  0  3.36e+03  8.40e+01  7.00e+00  2.55e+00  7.66e-01  -1.00
2022 08 31  1805   59822   65100  0  1.75e+03  3.99e+01  0  3.57e+03  9.12e+01  7.72e+00  2.58e+00  7.09e-01  -1.00
2022 08 31  1805   59822   65100  0  1.75e+03  3.99e+01  0  3.57e+03  9.12e+01  7.72e+00  2.58e+00  7.09e-01  -1.00
2022 08 31  1810   59822   65400  0  1.95e+03  4.12e+01  0  4.07e+03  1.08e+02  8.85e+00  2.25e+00  8.02e-01  -1.00
2022 08 31  1810   59822   65400  0  1.95e+03  4.12e+01  0  4.07e+03  1.08e+02  8.85e+00  2.25e+00  8.02e-01  -1.00
2022 08 31  1815   59822   65700  0  1.84e+03  4.51e+01  0  4.11e+03  1.13e+02  8.44e+00  3.10e+00  8.46e-01  -1.00
2022 08 31  1815   59822   65700  0  1.84e+03  4.51e+01  0  4.11e+03  1.13e+02  8.44e+00  3.10e+00  8.46e-01  -1.00
2022 08 31  1820   59822   66000  0  1.69e+03  3.95e+01  0  4.36e+03  1.23e+02  9.37e+00  2.68e+00  9.01e-01  -1.00
2022 08 31  1820   59822   66000  0  1.69e+03  3.95e+01  0  4.36e+03  1.23e+02  9.37e+00  2.68e+00  9.01e-01  -1.00
2022 08 31  1825   59822   66300  0  1.75e+03  3.87e+01  0  3.49e+03  9.49e+01  9.22e+00  2.85e+00  8.53e-01  -1.00
2022 08 31  1830   59822   66600  0  2.22e+03  3.10e+01  0  3.69e+03  9.83e+01  9.79e+00  2.69e+00  9.38e-01  -1.00
2022 08 31  1835   59822   66900  0  1.75e+03  3.90e+01  0  3.49e+03  7.68e+01  1.03e+01  2.61e+00  6.89e-01  -1.00
2022 08 31  1840   59822   67200  0  1.82e+03  4.18e+01  0  2.87e+03  7.27e+01  8.02e+00  3.28e+00  7.72e-01  -1.00
2022 08 31  1845   59822   67500  0  1.92e+03  3.53e+01  0  2.80e+03  6.72e+01  8.16e+00  2.63e+00  8.28e-01  -1.00
2022 08 31  1850   59822   67800  0  1.92e+03  4.44e+01  0  2.85e+03  7.03e+01  9.36e+00  3.29e+00  7.78e-01  -1.00
2022 08 31  1855   59822   68100  0  1.75e+03  3.80e+01  0  2.80e+03  7.01e+01  8.43e+00  2.84e+00  9.35e-01  -1.00
2022 08 31  1900   59822   68400  0  1.84e+03  3.89e+01  0  2.48e+03  6.24e+01  8.58e+00  2.47e+00  6.71e-01  -1.00
2022 08 31  1905   59822   68700  0  1.97e+03  4.00e+01  0  2.69e+03  6.37e+01  7.27e+00  3.05e+00  8.03e-01  -1.00
2022 08 31  1910   59822   69000  0  1.86e+03  3.98e+01  0  2.66e+03  5.86e+01  7.30e+00  2.51e+00  7.72e-01  -1.00
2022 08 31  1915   59822   69300  0  1.82e+03  3.77e+01  0  2.51e+03  5.87e+01  8.86e+00  2.70e+00  7.60e-01  -1.00
2022 08 31  1920   59822   69600  0  2.24e+03  3.65e+01  0  2.64e+03  5.72e+01  7.94e+00  2.82e+00  7.61e-01  -1.00
2022 08 31  1925   59822   69900  0  1.85e+03  4.47e+01  0  2.58e+03  6.00e+01  7.51e+00  2.42e+00  8.15e-01  -1.00
2022 08 31  1930   59822   70200  0  1.78e+03  3.60e+01  0  2.63e+03  5.70e+01  6.57e+00  2.63e+00  9.99e-01  -1.00
2022 08 31  1935   59822   70500  0  1.77e+03  4.42e+01  0  2.46e+03  5.86e+01  7.97e+00  3.14e+00  1.02e+00  -1.00
2022 08 31  1940   59822   70800  0  2.12e+03  3.69e+01  0  2.64e+03  6.29e+01  8.03e+00  3.33e+00  8.49e-01  -1.00
2022 08 31  1945   59822   71100  0  1.84e+03  4.33e+01  0  2.72e+03  6.37e+01  6.87e+00  3.26e+00  7.36e-01  -1.00
2022 08 31  1950   59822   71400  0  1.79e+03  4.20e+01  0  2.63e+03  6.60e+01  7.63e+00  2.60e+00  7.40e-01  -1.00
2022 08 31  1955   59822   71700  0  2.04e+03  4.21e+01  0  2.82e+03  7.16e+01  7.67e+00  3.35e+00  9.60e-01  -1.00
2022 08 31  2000   59822   72000  0  1.94e+03  4.02e+01  0  2.55e+03  5.21e+01  7.06e+00  2.82e+00  8.17e-01  -1.00
2022 08 31  2005   59822   72300  0  1.81e+03  3.81e+01  0  2.54e+03  6.23e+01  7.59e+00  2.76e+00  8.73e-01  -1.00
2022 08 31  2010   59822   72600  0  2.01e+03  4.61e+01  0  2.51e+03  5.55e+01  8.44e+00  2.42e+00  7.88e-01  -1.00
2022 08 31  2015   59822   72900  0  2.15e+03  4.01e+01  0  2.61e+03  5.95e+01  7.41e+00  2.79e+00  6.26e-01  -1.00
